function mpc = Net1_UKGDS_60;
% File generated by psse2matpower from a PSS/E file.
%-----------------------------------------------------------------------
% Author:   Federico Milano
% E-mail:   Federico.Milano@uclm.es
% Author:   Juan Carlos Morataya
% E-mail:   jc.morataya@ieee.org
% Author:   Ray Zimmerman
% E-mail:   rz10@cornell.edu
% *** This filter is protected under the GPL terms ***
%-----------------------------------------------------------------------
% PSS/E Data Format File : StrathGridSimplified_30.raw
% 
% Commented lines are disconnected branches
% Conversion completed assuming PSS/E V29 data format.
%-----------------------------------------------------------------------
%% MATPOWER Case Format : Version 2;
mpc.version = '2';

%%-----  Power Flow Data  -----%%
%% system MVA base
mpc.baseMVA = 100;

%% bus data
%	bus_i	type	Pd	Qd	Gs	Bs	area	Vm	Va	baseKV	zone	Vmax	Vmin
mpc.bus = [
301	3	0	0	0	0	1	3.06	0	33	1	1.03	0.97;
1100	1	0	0	0	0	1	1	0	11	1	1.03	0.97;
1101	1	0.392	0.0784	0	0	1	1	0	11	1	1.03	0.97;
1102	1	0.392	0.0784	0	0	1	1	0	11	1	1.03	0.97;
1103	1	0.116	0.0232	0	0	1	1	0	11	1	1.03	0.97;
1104	1	0.392	0.0784	0	0	1	1	0	11	1	1.03	0.97;
1105	1	0.392	0.0784	0	0	1	1	0	11	1	1.03	0.97;
1106	1	0.116	0.0232	0	0	1	1	0	11	1	1.03	0.97;
1107	1	0.392	0.0784	0	0	1	1	0	11	1	1.03	0.97;
1108	1	0.392	0.0784	0	0	1	1	0	11	1	1.03	0.97;
1109	1	0.116	0.0232	0	0	1	1	0	11	1	1.03	0.97;
1110	1	0.394	0.0788	0	0	1	1	0	11	1	1.03	0.97;
1111	1	0.394	0.0788	0	0	1	1	0	11	1	1.03	0.97;
1112	1	0.396	0.0792	0	0	1	1	0	11	1	1.03	0.97;
1113	1	0.1	0.02	0	0	1	1	0	11	1	1.03	0.97;
1114	1	0.102	0.0204	0	0	1	1	0	11	1	1.03	0.97;
1115	1	0.426	0.0852	0	0	1	1	0	11	1	1.03	0.97;
1116	1	0.426	0.0852	0	0	1	1	0	11	1	1.03	0.97;
1117	1	0.426	0.0852	0	0	1	1	0	11	1	1.03	0.97;
1118	1	0.426	0.0852	0	0	1	1	0	11	1	1.03	0.97;
1119	1	0.426	0.0852	0	0	1	1	0	11	1	1.03	0.97;
1120	1	0.426	0.0852	0	0	1	1	0	11	1	1.03	0.97;
1121	1	0.426	0.0852	0	0	1	1	0	11	1	1.03	0.97;
1122	1	0.212	0.0424	0	0	1	1	0	11	1	1.03	0.97;
1123	1	0.212	0.0424	0	0	1	1	0	11	1	1.03	0.97;
1124	1	0.214	0.0428	0	0	1	1	0	11	1	1.03	0.97;
1125	1	0.214	0.0428	0	0	1	1	0	11	1	1.03	0.97;
1126	1	0.426	0.0852	0	0	1	1	0	11	1	1.03	0.97;
1127	1	0.426	0.0852	0	0	1	1	0	11	1	1.03	0.97;
1128	1	0.426	0.0852	0	0	1	1	0	11	1	1.03	0.97;
1129	1	0.426	0.0852	0	0	1	1	0	11	1	1.03	0.97;
1130	1	0.426	0.0852	0	0	1	1	0	11	1	1.03	0.97;
1131	1	0.426	0.0852	0	0	1	1	0	11	1	1.03	0.97;
1132	1	0.426	0.0852	0	0	1	1	0	11	1	1.03	0.97;
1133	1	0.212	0.0424	0	0	1	1	0	11	1	1.03	0.97;
1134	1	0.212	0.0424	0	0	1	1	0	11	1	1.03	0.97;
1135	1	0.214	0.0428	0	0	1	1	0	11	1	1.03	0.97;
1136	1	0.214	0.0428	0	0	1	1	0	11	1	1.03	0.97;
1137	1	0.434	0.0868	0	0	1	1	0	11	1	1.03	0.97;
1138	1	0.434	0.0868	0	0	1	1	0	11	1	1.03	0.97;
1139	1	0.436	0.0872	0	0	1	1	0	11	1	1.03	0.97;
1140	1	0.436	0.0872	0	0	1	1	0	11	1	1.03	0.97;
1141	1	0.436	0.0872	0	0	1	1	0	11	1	1.03	0.97;
1142	1	0.436	0.0872	0	0	1	1	0	11	1	1.03	0.97;
1143	1	0.436	0.0872	0	0	1	1	0	11	1	1.03	0.97;
1144	1	0.436	0.0872	0	0	1	1	0	11	1	1.03	0.97;
1145	1	0.436	0.0872	0	0	1	1	0	11	1	1.03	0.97;
1146	1	0.216	0.0432	0	0	1	1	0	11	1	1.03	0.97;
1147	1	0.218	0.0436	0	0	1	1	0	11	1	1.03	0.97;
1148	1	0.218	0.0436	0	0	1	1	0	11	1	1.03	0.97;
1149	1	0.218	0.0436	0	0	1	1	0	11	1	1.03	0.97;
1150	1	0.218	0.0436	0	0	1	1	0	11	1	1.03	0.97;
1151	1	0.342	0.0684	0	0	1	1	0	11	1	1.03	0.97;
1152	1	0.342	0.0684	0	0	1	1	0	11	1	1.03	0.97;
1153	1	0.344	0.0688	0	0	1	1	0	11	1	1.03	0.97;
1154	1	0.344	0.0688	0	0	1	1	0	11	1	1.03	0.97;
1155	1	0.344	0.0688	0	0	1	1	0	11	1	1.03	0.97;
1156	1	0.344	0.0688	0	0	1	1	0	11	1	1.03	0.97;
1157	1	0.344	0.0688	0	0	1	1	0	11	1	1.03	0.97;
1158	1	0.344	0.0688	0	0	1	1	0	11	1	1.03	0.97;
1159	1	0.344	0.0688	0	0	1	1	0	11	1	1.03	0.97;
1160	1	0.344	0.0688	0	0	1	1	0	11	1	1.03	0.97;
1161	1	0.344	0.0688	0	0	1	1	0	11	1	1.03	0.97;
1162	1	0.344	0.0688	0	0	1	1	0	11	1	1.03	0.97;
1163	1	0.344	0.0688	0	0	1	1	0	11	1	1.03	0.97;
1164	1	0.344	0.0688	0	0	1	1	0	11	1	1.03	0.97;
1165	1	0.344	0.0688	0	0	1	1	0	11	1	1.03	0.97;
1166	1	0.344	0.0688	0	0	1	1	0	11	1	1.03	0.97;
1167	1	0.222	0.0444	0	0	1	1	0	11	1	1.03	0.97;
1168	1	0.222	0.0444	0	0	1	1	0	11	1	1.03	0.97;
1169	1	0.224	0.0448	0	0	1	1	0	11	1	1.03	0.97;
1170	1	0.224	0.0448	0	0	1	1	0	11	1	1.03	0.97;
1171	1	0.224	0.0448	0	0	1	1	0	11	1	1.03	0.97;
1172	1	0.224	0.0448	0	0	1	1	0	11	1	1.03	0.97;
1173	1	0.224	0.0448	0	0	1	1	0	11	1	1.03	0.97;
1174	1	0.224	0.0448	0	0	1	1	0	11	1	1.03	0.97;
1175	1	0.224	0.0448	0	0	1	1	0	11	1	1.03	0.97;

];

%% generator data
%	bus	Pg	Qg	Qmax	Qmin	Vg	mBase	status	Pmax	Pmin	Pc1	Pc2	Qc1min	Qc1max	Qc2min	Qc2max	ramp_agc	ramp_10	ramp_30	ramp_q	apf
mpc.gen = [
301 	30      10      60	-60	3.06	100	1	60	-60	0	0	0	0	0	0	0	0	0	0	0;
% 1102	1.73	0.81	1.1	0.4	1	2.3	0	2.3	0	0	0	0	0	0	0	0	0	0	0	0;
% 1105	1.73	0.81	1.1	0.4	1	2.3	0	2.3	0	0	0	0	0	0	0	0	0	0	0	0;
% 1108	1.73	0.81	1.1	0.4	1	2.3	0	2.3	0	0	0	0	0	0	0	0	0	0	0	0;
% 1112	1.73	0.81	1.1	0.4	1	2.3	0	2.3	0	0	0	0	0	0	0	0	0	0	0	0;
% 1116	1.73	0.81	1.1	0.4	1	2.3	0	2.3	0	0	0	0	0	0	0	0	0	0	0	0;
% 1118	1.73	0.81	1.1	0.4	1	2.3	0	2.3	0	0	0	0	0	0	0	0	0	0	0	0;
1119	1.73	0.81	1.1	-1.0	1	0	1	10	0	0	0	0	0	0	0	0	0	0	0	0;
% 1121	1.73	0.81	1.1	0.4	1	2.3	0	2.3	0	0	0	0	0	0	0	0	0	0	0	0;
% 1127	1.73	0.81	1.1	0.4	1	2.3	0	2.3	0	0	0	0	0	0	0	0	0	0	0	0;
% 1129	1.73	0.81	1.1	0.4	1	2.3	0	2.3	0	0	0	0	0	0	0	0	0	0	0	0;
% 1130	1.73	0.81	1.1	0.4	1	2.3	0	2.3	0	0	0	0	0	0	0	0	0	0	0	0;
% 1132	1.73	0.81	1.1	0.4	1	2.3	0	2.3	0	0	0	0	0	0	0	0	0	0	0	0;
% 1138	1.73	0.81	1.1	0.4	1	2.3	0	2.3	0	0	0	0	0	0	0	0	0	0	0	0;
% 1140	1.73	0.81	1.1	0.4	1	2.3	0	2.3	0	0	0	0	0	0	0	0	0	0	0	0;
% 1141	1.73	0.81	1.1	0.4	1	2.3	0	2.3	0	0	0	0	0	0	0	0	0	0	0	0;
% 1143	1.73	0.81	1.1	0.4	1	2.3	0	2.3	0	0	0	0	0	0	0	0	0	0	0	0;
% 1145	1.73	0.81	1.1	0.4	1	2.3	0	2.3	0	0	0	0	0	0	0	0	0	0	0	0;
% 1152	1.73	0.81	1.1	0.4	1	2.3	0	2.3	0	0	0	0	0	0	0	0	0	0	0	0;
% 1155	1.73	0.81	1.1	0.4	1	2.3	0	2.3	0	0	0	0	0	0	0	0	0	0	0	0;
% 1159	1.73	0.81	1.1	0.4	1	2.3	0	2.3	0	0	0	0	0	0	0	0	0	0	0	0;
% 1162	1.73	0.81	1.1	0.4	1	2.3	0	2.3	0	0	0	0	0	0	0	0	0	0	0	0;
% 1166	1.73	0.81	1.1	0.4	1	2.3	0	2.3	0	0	0	0	0	0	0	0	0	0	0	0;

];

%% branch data
%	fbus	tbus	r	x	b	rateA	rateB	rateC	ratio	angle	status	angmin	angmax
